106378416
19718024
4070772
26130944
554415
8886142
21693252
33527340
7001875
7959808
11497458
94534482
50592229
34414100
17339168
36456338
45118790
29650092
44343816
13873227
4959658
33537500
1996162
74808344
48315661
5592462
13961308
24319905
2248155
68303673
279554
4652400
5025710
10902428
5803872
18919796
13177721
14831480
52021820
40518110
23246086
6658885
17835295
20248641
22858870
7260936
3407593
51905556
21508773
4859034
14098083
20019805
58318453
8073150
2487600
2985703
39833937
44010063
44326904
14408589
68689015
6810604
10731940
5518784
18661265
39472544
50660407
43930641
74140080
1232832
11632278
27236129
52711049
15256620
29316430
34715160
18177705
22148416
24858300
40729746
15221478
17760528
5963470
40560646
46627812
30499951
30674916
62543188
13292416
61767797
13033831
15306664
22139312
29467482
91570178
40402875
15694326
32001141
11874060
42376380
