6162130
35890605
67496296
512650
4299330
33520032
7697241
11649171
27766019
13045676
13416013
17331939
29947591
3729929
8907300
62988504
3863232
27544216
100161959
22015950
5469360
25920573
38870113
23728984
670474
27978080
5681491
2055552
44950
54327760
24067200
49942856
16030984
23872764
94877963
20926998
5439744
22193805
19992000
49177491
18553024
35491957
3646107
30905766
30117948
11734540
19676902
3477357
7355556
8794763
20921375
83751003
2541448
10807650
8791740
25443825
3473050
28429236
20323296
21888364
5915532
5827028
62259929
11609060
998085
84103558
68085065
6522230
1463318
16334304
7811670
964886
46824162
42604664
30285619
1037400
1272810
28687484
11048608
45316661
17427214
16157175
7169469
30168068
6949269
6544973
1369291
38137044
16881886
3176841
10573632
15094806
4045520
32009117
15578104
1824951
23842640
8058372
21836488
41176473
