100
7 6
1 6 15907
6 5 80491
5 2 99984
2 3 24583
3 4 85407
4 7 88816
888 429 34 855 884 421 527
5 5
2 1 89182
1 5 59036
5 3 46897
3 4 43520
3 1 64088
334 928 435 729 883
7 6
4 1 14913
1 3 76271
3 5 35098
5 6 616
6 2 27339
2 7 86830
18 627 396 993 883 695 912
4 6
1 3 76815
3 4 55409
4 2 82928
2 1 68356
4 1 82432
2 3 27059
317 391 595 433
4 4
1 4 8035
4 3 51377
3 2 31135
2 1 40886
69 390 821 489
6 12
3 5 32524
5 6 4699
6 1 37120
1 4 47392
4 2 26311
5 1 14874
2 5 62692
3 2 8988
4 6 71833
1 2 82565
4 3 44847
4 5 76681
454 567 296 118 660 591
10 26
6 2 99685
2 8 22837
8 3 94976
3 10 74566
10 9 36394
9 5 96044
5 4 57699
4 1 79708
1 7 20100
8 7 45074
9 2 5687
6 4 25160
9 6 47906
9 4 47065
7 2 97401
9 8 6801
5 2 88159
1 2 50531
10 4 95481
1 3 25922
8 6 39184
6 1 19259
10 7 47648
3 7 4674
1 9 63387
5 10 29086
489 469 388 99 896 444 249 151 984 541
8 14
6 2 99904
2 5 54413
5 4 15611
4 1 40580
1 8 54516
8 3 23248
3 7 57958
4 7 21188
6 7 7134
6 3 81782
8 7 12263
8 2 37384
5 8 39650
6 4 49424
615 435 42 614 755 47 958 103
2 1
1 2 82375
85 628
2 1
1 2 58528
136 841
9 23
1 2 13799
2 9 93127
9 3 65564
3 5 69270
5 7 55636
7 6 10658
6 8 40381
8 4 51170
2 8 17116
6 4 4074
2 7 4158
7 4 4556
8 3 48762
8 5 88731
8 1 18585
5 6 70130
7 9 91234
3 1 64221
3 7 49347
4 2 20624
6 1 7746
2 5 53173
4 1 87202
880 88 97 39 727 232 95 492 252
4 4
3 4 75131
4 1 98679
1 2 27507
1 3 62724
958 784 734 801
3 3
3 1 91826
1 2 65007
3 2 30197
762 35 387
9 19
1 6 21028
6 8 36102
8 7 96182
7 4 39761
4 5 40416
5 2 9456
2 3 19956
3 9 65947
1 3 70626
8 3 672
9 4 8015
1 5 36759
7 9 61251
8 5 30863
6 5 77486
7 5 90075
5 3 17188
2 4 60326
9 5 13326
987 696 428 151 569 203 582 393 101
4 3
4 1 17479
1 3 22543
3 2 56051
992 362 966 813
10 9
7 8 90278
8 3 84234
3 2 99517
2 9 16914
9 4 40440
4 1 90616
1 6 52343
6 10 40973
10 5 48236
446 281 456 391 748 320 294 272 378 332
3 3
3 1 69827
1 2 49638
2 3 19180
885 62 40
9 10
6 5 82693
5 9 40371
9 2 31344
2 8 91291
8 4 84417
4 3 80435
3 7 37239
7 1 63798
1 2 21169
4 1 83418
684 484 966 610 45 924 209 238 443
10 25
8 7 45275
7 3 56320
3 1 77454
1 2 59531
2 9 34087
9 10 8209
10 5 21299
5 4 34612
4 6 47871
1 7 96702
2 3 55372
9 4 45158
1 8 51652
2 8 61260
3 6 46534
1 9 79456
3 8 39424
7 4 46571
5 2 42615
8 4 70050
4 10 77732
8 6 56498
5 6 15107
10 8 35984
7 10 61629
506 635 811 705 316 294 747 542 509 725
7 9
7 3 77213
3 5 60026
5 2 79335
2 6 32468
6 4 18224
4 1 12286
3 6 43344
4 7 95246
1 7 87253
159 655 778 152 763 758 47
8 25
1 4 24878
4 5 13010
5 8 13452
8 3 10008
3 2 5361
2 6 18541
6 7 26565
8 6 16522
2 7 78767
5 7 46592
6 3 44577
3 1 78465
5 2 35253
8 1 62203
7 3 83602
4 7 37614
6 5 64060
2 1 91860
8 7 21115
2 8 30698
1 5 28579
3 5 91978
4 8 72978
6 1 70424
4 6 61476
118 655 772 724 835 948 515 634
10 13
7 5 92565
5 10 58688
10 1 67075
1 8 70416
8 2 83151
2 4 80069
4 9 44705
9 3 55863
3 6 12898
2 9 19916
7 3 28898
7 4 23260
8 6 3395
500 345 624 675 548 624 141 842 134 649
5 10
3 1 38801
1 5 89147
5 2 95687
2 4 30451
3 2 47472
4 3 782
5 3 62297
1 4 28915
1 2 85450
5 4 11823
49 600 351 804 408
8 7
5 2 90152
2 6 43176
6 7 88204
7 8 57296
8 4 68024
4 1 28878
1 3 84777
772 824 997 939 942 550 622 486
5 4
5 3 61280
3 2 8186
2 1 62085
1 4 62621
475 271 893 216 116
5 5
5 3 91113
3 1 2057
1 4 22697
4 2 99899
4 5 15298
210 699 735 54 56
3 3
3 1 19204
1 2 43652
3 2 66737
727 979 127
4 4
1 2 12404
2 4 72929
4 3 46856
3 2 54269
285 760 430 782
8 7
8 1 5265
1 6 32086
6 3 6662
3 4 38678
4 7 87611
7 2 42446
2 5 89045
427 688 187 86 749 917 961 635
2 1
1 2 85273
801 550
4 6
2 3 42679
3 1 70880
1 4 2882
1 2 80591
2 4 2686
3 4 78636
97 159 887 832
7 21
2 7 23708
7 6 7634
6 4 52046
4 3 41499
3 1 5196
1 5 85679
4 5 38626
1 6 68360
2 3 90215
6 2 22885
3 6 4335
5 2 44529
7 1 32899
1 4 10322
2 4 60970
1 2 26204
7 3 36221
7 4 50111
6 5 3157
5 7 133
3 5 44094
365 425 595 538 160 952 741
4 3
1 2 36154
2 4 17311
4 3 52453
94 788 44 623
5 9
3 4 27143
4 1 72099
1 2 56655
2 5 88275
2 3 66751
4 2 66038
4 5 50772
5 1 32642
5 3 7375
334 952 595 641 334
5 8
5 3 86570
3 2 54373
2 4 8252
4 1 65044
5 1 60457
3 1 95560
2 1 32995
5 4 84679
96 264 34 807 67
10 26
9 2 73860
2 5 50073
5 1 65432
1 4 22186
4 7 54466
7 3 35817
3 10 56924
10 6 23653
6 8 80604
4 5 61787
2 10 55528
9 4 19889
8 7 86104
10 7 60405
2 3 75419
2 6 74567
8 10 28462
8 1 48941
2 4 61516
2 1 60620
2 7 99767
9 7 43138
3 8 51632
3 4 41430
8 2 18222
6 9 83956
374 918 168 108 451 888 224 858 801 690
5 5
5 3 15838
3 2 7784
2 4 54891
4 1 8446
1 3 78305
956 94 107 65 157
2 1
2 1 25660
578 547
6 9
6 2 76638
2 4 25198
4 5 13577
5 1 71805
1 3 73015
5 6 81738
4 1 48903
5 3 15971
6 4 51334
794 195 563 257 876 757
9 18
4 8 75396
8 9 63759
9 6 30948
6 3 64240
3 1 37763
1 5 19202
5 2 30315
2 7 22979
4 5 16824
4 9 71986
3 2 68588
1 8 57633
2 9 16965
3 7 43744
7 1 33509
5 3 14583
6 1 61694
2 4 77048
910 422 703 692 524 601 778 195 546
5 8
5 3 24326
3 1 53681
1 4 40170
4 2 94195
3 2 97054
1 2 59024
2 5 89417
4 3 21349
298 951 356 805 97
7 16
2 3 49718
3 7 3344
7 6 29850
6 1 87887
1 4 21517
4 5 42285
2 7 42233
4 2 98577
5 7 18633
4 6 35619
6 5 2518
2 1 5542
1 7 60823
4 7 64766
1 5 34352
5 2 24735
188 133 406 969 761 907 178
9 35
3 1 77577
1 9 33337
9 6 85099
6 2 56299
2 8 29381
8 5 43735
5 4 90013
4 7 25984
1 5 18140
9 2 143
4 8 92380
5 6 77799
8 1 14374
6 1 19865
7 1 38081
7 5 72424
9 8 80260
5 2 76638
3 6 27298
9 7 72159
1 4 15517
7 6 15959
5 3 99504
5 9 51397
9 4 97238
7 2 80333
7 8 81497
2 4 61676
4 6 16548
3 9 79338
3 7 1451
3 4 86743
6 8 96023
2 1 66812
3 2 15251
535 421 772 666 172 392 838 458 312
5 10
3 4 55543
4 5 81116
5 1 73980
1 2 17100
3 1 57738
3 5 85802
2 4 80916
3 2 216
2 5 82755
4 1 4225
350 561 171 661 887
6 10
1 3 53235
3 4 46517
4 2 4081
2 5 4993
5 6 22765
3 5 64187
5 4 59601
1 2 35405
6 2 40023
5 1 13290
634 652 393 526 911 334
3 3
1 2 87860
2 3 47411
1 3 29516
246 815 329
3 3
1 3 49175
3 2 43928
1 2 1501
485 61 500
6 13
1 6 89802
6 3 19041
3 5 90497
5 2 62433
2 4 73130
4 6 41293
3 1 79582
2 1 80155
5 1 74279
3 2 37028
4 5 30180
2 6 36570
4 3 76575
578 576 719 142 629 48
5 8
4 3 68446
3 2 66982
2 1 65234
1 5 50137
1 3 78691
4 2 28247
1 4 97190
5 2 64159
429 858 623 970 449
4 5
2 3 46632
3 4 57986
4 1 49034
3 1 47674
1 2 2847
504 66 946 335
8 16
3 4 62618
4 5 80809
5 7 81354
7 1 52124
1 8 64454
8 2 36030
2 6 1350
4 8 80690
2 1 35041
4 6 19965
5 8 18192
3 2 76761
3 1 62796
5 1 6849
7 4 83716
8 3 11058
563 629 82 682 567 546 4 597
8 27
3 6 4516
6 5 48570
5 1 94228
1 4 63331
4 2 30422
2 8 95177
8 7 41460
1 6 90846
2 3 94844
5 2 69723
6 2 3881
8 6 69112
5 7 32601
7 6 93784
7 4 92290
3 4 21367
8 1 97701
1 7 80249
3 1 58760
4 6 21970
8 4 96011
3 7 17465
1 2 43792
5 8 7395
2 7 57466
4 5 4143
3 8 92742
388 81 739 625 272 132 203 526
4 4
4 3 84910
3 1 9929
1 2 43059
3 2 55186
657 770 610 677
8 13
6 4 28917
4 3 18355
3 7 71329
7 8 7151
8 2 52036
2 1 86433
1 5 31305
6 1 4818
6 3 22954
7 6 808
1 4 34987
2 5 19784
7 1 48887
886 458 383 276 672 478 668 734
8 9
2 8 74983
8 5 23699
5 1 45401
1 3 2178
3 7 59504
7 6 70751
6 4 9799
6 5 34795
3 8 94569
36 641 990 92 852 146 113 426
10 40
7 3 99416
3 9 66458
9 1 91665
1 6 26675
6 4 19669
4 2 55955
2 8 75929
8 10 842
10 5 38721
1 4 93804
10 6 21299
5 2 57971
2 9 13514
3 5 86527
4 9 19052
1 5 52102
3 2 27324
8 4 33983
10 4 33027
1 3 43379
3 4 14652
9 5 77831
5 8 99334
7 5 26515
1 8 3095
1 2 82862
8 7 84585
5 4 65696
6 7 56931
5 6 64557
8 6 11608
9 10 37179
6 9 73773
9 7 32191
6 2 17320
10 2 96433
10 7 33629
6 3 64272
9 8 24919
1 10 28478
765 13 771 712 815 17 120 734 670 394
9 10
7 5 11776
5 8 65779
8 9 84166
9 1 56468
1 6 15447
6 2 73685
2 4 57215
4 3 16819
5 9 27524
6 8 45896
791 135 381 999 900 384 116 768 463
8 15
8 1 45701
1 6 31473
6 5 64213
5 4 80773
4 2 86339
2 3 78959
3 7 55470
3 5 24591
5 8 73422
6 2 93991
2 8 22780
7 2 85800
4 3 93191
1 7 59560
6 3 41795
963 372 452 302 239 180 119 837
7 13
5 1 53442
1 6 48870
6 7 23100
7 2 33795
2 4 64934
4 3 57438
3 7 26879
5 7 20688
6 2 50635
4 6 57719
7 1 69060
1 3 34072
7 4 69109
916 503 488 658 295 899 529
10 22
4 6 97610
6 10 82851
10 5 41283
5 2 34571
2 9 16863
9 3 72866
3 1 65669
1 8 56479
8 7 40388
1 6 35249
10 8 74405
5 3 10191
9 4 78194
4 5 70071
10 2 65188
7 2 85427
9 7 46488
6 9 60402
6 7 40061
5 9 62387
8 2 53405
8 3 39783
123 53 816 663 846 508 276 492 374 971
4 3
4 1 84281
1 3 73306
3 2 86229
815 318 391 552
10 37
9 3 65970
3 5 64894
5 1 83631
1 4 34482
4 7 56643
7 6 16296
6 8 41210
8 2 62625
2 10 86063
2 1 57279
6 1 47418
2 3 90805
8 5 35087
4 10 50877
7 9 96490
10 9 95743
5 6 73208
6 10 21481
6 9 14088
4 6 13874
2 5 20273
2 7 57750
3 1 38054
2 9 16745
4 2 50231
9 5 76506
9 4 61678
10 1 66424
8 4 82267
10 7 25619
1 7 23217
10 3 32795
8 7 1379
3 8 24772
3 6 41672
7 5 71589
1 8 79067
215 431 828 298 864 625 71 108 831 980
6 9
2 1 580
1 6 71820
6 4 51832
4 5 47660
5 3 30982
4 3 52099
2 5 86659
3 6 23589
4 1 74203
653 143 692 330 188 501
10 24
5 9 8155
9 1 60256
1 2 78476
2 10 29437
10 6 69019
6 8 81043
8 7 51060
7 4 28864
4 3 31528
9 3 36059
6 5 59956
9 8 24119
10 4 23709
6 2 15365
1 7 65372
6 4 21334
8 1 65460
10 3 17425
7 10 50673
10 9 90738
9 7 23319
1 5 2182
8 2 7808
4 9 41500
593 873 5 890 388 419 942 128 27 356
6 9
5 6 47287
6 1 26395
1 4 40293
4 2 6535
2 3 21808
5 4 12914
5 1 52018
3 6 73053
1 2 58977
707 848 873 306 382 834
7 15
4 7 1569
7 1 60448
1 2 85966
2 6 70830
6 5 67165
5 3 35202
2 5 73299
3 2 43863
2 4 78174
6 3 91318
1 5 69235
3 1 85331
3 7 80310
5 7 97500
7 6 33354
653 616 276 134 814 575 275
3 3
2 3 71054
3 1 76354
2 1 17411
759 527 878
7 8
1 7 93271
7 5 84452
5 3 87244
3 6 16336
6 2 27454
2 4 90730
6 4 90176
1 3 83874
471 634 545 875 389 891 769
5 6
4 2 11997
2 5 10697
5 3 37974
3 1 90391
3 2 18006
1 4 68229
918 908 583 507 742
2 1
1 2 19263
64 467
4 3
3 4 8062
4 1 17598
1 2 52175
661 203 194 215
9 19
6 3 24411
3 2 4634
2 5 64835
5 1 56232
1 9 47699
9 4 82397
4 7 36710
7 8 22947
6 8 87657
2 1 5153
1 8 45542
1 7 7422
7 5 17503
3 8 94122
2 6 51477
1 6 49061
4 6 75975
2 9 83416
4 2 42838
571 749 549 980 943 946 765 245 36
8 7
7 6 21598
6 1 27700
1 2 22474
2 4 22709
4 5 8749
5 8 26359
8 3 84244
970 817 139 352 524 905 751 339
6 13
3 1 62226
1 4 60461
4 6 22040
6 2 8856
2 5 61418
4 2 73617
3 5 77412
4 5 49352
4 3 2217
5 1 3005
5 6 83089
2 1 24682
3 6 13397
456 754 262 199 380 425
4 6
4 1 32110
1 3 15962
3 2 28064
2 1 50685
3 4 57764
2 4 52505
913 485 870 480
10 21
1 9 26295
9 10 71414
10 6 95872
6 8 77661
8 4 18628
4 5 54586
5 2 4078
2 7 1462
7 3 94651
2 3 57031
2 10 4426
2 4 40407
8 3 98309
10 4 50248
1 6 16605
9 8 64339
7 5 19664
8 2 13403
3 10 44807
8 5 22192
4 7 97931
860 977 541 274 234 214 123 837 929 329
9 16
8 1 48440
1 5 15253
5 4 64236
4 2 3103
2 3 69060
3 7 56677
7 6 85403
6 9 27538
4 3 56727
6 4 652
7 5 78331
8 9 4249
4 8 35039
3 8 12744
7 9 39020
2 9 65629
345 753 35 211 982 54 367 556 54
6 11
6 1 60547
1 5 30664
5 2 42074
2 4 41136
4 3 24058
2 3 43130
4 5 61744
1 3 17110
4 1 20565
2 6 13742
4 6 25151
679 973 214 880 441 739
9 12
4 1 93493
1 2 12200
2 9 26340
9 8 82132
8 6 60250
6 3 5578
3 7 36907
7 5 78445
6 7 72322
7 9 31768
8 2 3827
3 8 32295
645 924 310 213 425 621 580 709 442
4 4
3 2 91549
2 4 27556
4 1 45559
3 4 78049
894 935 646 630
9 23
1 2 84297
2 9 24618
9 8 75092
8 5 21
5 6 70047
6 4 55225
4 7 91502
7 3 34786
6 2 79634
3 4 99355
5 7 53593
4 1 23768
3 9 10174
7 1 88890
8 2 17400
8 6 68431
1 3 35763
2 5 66596
4 8 18592
5 9 54620
1 8 78945
1 5 13548
1 6 24287
847 148 781 87 320 858 922 89 430
10 29
9 4 97535
4 10 99733
10 1 34024
1 7 21779
7 8 83180
8 5 27774
5 6 55402
6 2 9529
2 3 995
5 7 90244
9 10 70458
4 7 56574
10 6 63621
6 4 20323
10 2 33530
9 2 10701
1 5 69141
5 4 8051
7 10 32884
10 8 22745
5 3 38268
2 4 46952
3 4 46236
2 7 12411
1 6 99416
6 7 33253
8 4 2771
8 6 43357
1 8 63851
522 812 106 114 4 388 697 961 35 589
7 21
3 6 81625
6 7 93422
7 4 73728
4 2 31052
2 5 59042
5 1 37285
3 7 28591
2 7 10300
1 6 38732
1 2 56634
5 4 41425
4 1 3590
3 5 8632
3 1 59685
6 2 80265
5 6 76285
5 7 46844
7 1 60054
3 4 19247
2 3 8917
4 6 32136
429 911 803 115 270 798 202
8 9
6 2 81727
2 8 93162
8 4 92743
4 1 56412
1 7 79936
7 5 93372
5 3 53068
1 3 19101
5 4 80491
308 825 645 250 894 458 801 789
4 6
4 3 36006
3 2 26336
2 1 74109
4 2 62650
1 4 61677
3 1 40498
756 432 514 565
8 7
2 8 10134
8 6 47927
6 5 2501
5 3 42365
3 1 47433
1 4 1165
4 7 68124
551 502 330 301 315 36 669 873
9 31
7 2 11793
2 3 76622
3 5 28199
5 6 86718
6 1 48248
1 4 34748
4 9 31223
9 8 68717
1 5 82506
6 8 17735
5 7 38795
1 8 66301
2 8 58394
1 9 76738
7 9 47656
5 9 11111
2 5 21630
5 8 67194
3 1 72702
7 1 39866
4 5 30070
4 6 87418
3 9 61724
9 6 30750
3 4 42727
6 2 7203
8 3 53780
3 6 95868
6 7 94430
7 3 42396
1 2 35898
756 108 608 680 544 507 133 78 601
4 3
1 2 52702
2 3 74952
3 4 71958
340 481 266 875
4 4
1 2 48537
2 4 53195
4 3 43192
1 4 58816
226 806 50 66
10 11
6 1 56957
1 9 40849
9 5 121
5 3 40280
3 8 75891
8 7 23408
7 4 33304
4 2 62431
2 10 7602
3 7 79671
5 6 72355
812 405 888 505 128 762 459 821 145 2
9 28
6 8 52758
8 4 40207
4 2 27399
2 3 40453
3 7 63334
7 9 71098
9 5 46585
5 1 83098
8 2 18737
8 7 17822
6 4 80280
4 3 26354
2 5 60433
6 7 51419
3 1 86091
8 3 37017
9 4 32755
3 9 17283
8 1 21242
3 5 12658
2 7 27557
6 1 8851
8 9 93740
9 2 68790
9 1 74948
5 8 82793
1 4 82653
6 5 35759
181 382 780 968 420 174 229 441 322
7 6
2 1 82723
1 3 28826
3 7 83723
7 4 80008
4 6 24652
6 5 64975
136 691 499 729 987 987 941
10 14
3 2 77349
2 1 69872
1 6 70108
6 8 20738
8 5 32609
5 9 60833
9 10 64323
10 4 88819
4 7 45677
5 7 96036
9 8 24976
7 1 72209
2 10 83338
10 6 36331
208 710 682 443 35 394 384 420 697 424
7 11
6 7 24518
7 2 42213
2 5 73432
5 1 39762
1 3 33931
3 4 98340
3 7 12897
6 2 95134
7 4 82637
5 6 37388
1 7 50898
816 777 138 872 514 147 646
8 8
8 5 14805
5 7 80874
7 1 61842
1 3 63446
3 4 15613
4 2 87334
2 6 58302
3 6 66790
874 27 338 253 351 107 428 78
8 26
8 5 94932
5 6 34695
6 2 31178
2 7 22320
7 1 69285
1 3 87141
3 4 597
1 8 90818
1 5 47337
7 8 56753
6 7 11006
6 3 5307
1 4 71332
8 4 24328
8 6 9966
7 4 35619
4 2 68118
8 3 37562
8 2 27429
5 7 3662
2 5 28248
4 5 75043
2 3 7291
1 6 92949
3 7 66624
4 6 97898
649 481 480 612 393 747 626 68
10 28
3 8 67341
8 9 53218
9 10 48584
10 4 61172
4 1 5129
1 7 87047
7 5 67888
5 6 24729
6 2 78229
5 1 76897
6 3 23793
7 9 16037
2 1 95557
1 9 53711
6 10 88854
4 3 35068
3 7 68145
7 4 73455
8 10 16852
5 8 70296
5 4 23302
6 1 64178
4 9 42315
5 10 454
8 4 1065
2 5 1039
1 8 77173
6 8 90091
681 488 83 850 399 724 392 710 27 186
3 2
3 2 15245
2 1 30883
897 282 776
7 14
4 2 80100
2 7 68626
7 1 17991
1 3 30041
3 6 18871
6 5 23574
6 7 95983
1 5 21741
3 4 45709
2 5 89971
5 7 87502
2 6 36960
2 1 70464
3 5 84793
660 654 353 565 89 978 69
10 17
8 4 20097
4 7 85515
7 9 29858
9 3 31769
3 5 31785
5 1 60077
1 2 89756
2 10 59551
10 6 93993
9 10 78459
5 2 42695
7 2 62855
1 8 40618
4 3 7212
7 3 87438
6 1 66694
1 4 17764
942 846 171 987 602 152 133 977 633 259
