100
5 6
1 4 21206
4 3 15949
3 2 92037
2 5 43926
2 4 70845
5 3 20435
107 530 695 557 897
8 11
8 4 25516
4 2 4175
2 7 44429
7 6 92757
6 1 32193
1 3 26681
3 5 56332
8 3 12030
6 2 19073
6 8 44020
2 8 41144
975 231 821 796 490 699 359 556
2 1
2 1 97538
692 64
6 11
6 4 15018
4 1 47191
1 3 63091
3 2 5175
2 5 27533
3 5 27800
5 1 16666
6 3 68624
6 2 2106
1 2 19821
1 6 10253
50 662 437 631 170 33
5 9
1 5 96100
5 2 9223
2 4 32671
4 3 60941
3 1 81504
3 2 4235
1 4 1831
2 1 14629
4 5 72599
735 926 462 115 24
3 2
2 3 85808
3 1 80577
416 312 30
9 33
7 4 41590
4 3 4761
3 5 70960
5 9 10233
9 8 29245
8 2 13349
2 6 8330
6 1 26595
6 9 2958
8 5 13335
7 6 38429
2 5 23602
3 7 95067
1 5 87108
8 4 9181
3 1 90214
3 6 94098
1 9 78676
4 5 23167
4 2 46476
6 8 84064
5 7 7709
7 2 93068
3 9 11377
1 7 22648
4 6 81752
2 1 74533
9 4 54428
2 3 52649
3 8 19203
7 9 317
5 6 42317
8 1 1666
966 523 483 940 380 279 810 285 17
7 18
5 7 106
7 2 50455
2 4 6192
4 1 54510
1 3 29921
3 6 3397
1 5 88756
1 6 72591
7 4 69768
5 4 71436
6 2 88901
4 6 55761
6 5 97187
4 3 18638
3 5 7510
1 7 94969
1 2 77322
7 6 75830
346 739 921 875 974 11 892
4 4
1 3 53800
3 4 91412
4 2 7871
2 1 35024
664 573 276 797
4 6
3 1 10791
1 2 49983
2 4 49995
2 3 79364
3 4 15091
1 4 96197
602 46 434 889
4 3
4 1 15403
1 3 56949
3 2 55319
871 274 101 657
4 4
2 3 53887
3 4 496
4 1 64431
2 4 82453
269 119 924 718
3 2
1 2 60035
2 3 46324
353 189 668
9 23
2 1 21474
1 5 85576
5 7 32039
7 4 20332
4 3 85014
3 6 71555
6 8 69931
8 9 33861
8 7 65779
4 9 56361
9 1 76121
2 7 58311
7 3 74619
1 7 90407
5 9 70113
3 5 28509
9 3 15101
8 5 93524
9 6 83346
8 3 44497
6 2 5084
1 6 93832
8 2 89100
49 142 344 212 940 730 456 917 506
9 29
9 4 75314
4 1 58924
1 6 50494
6 2 24176
2 8 11718
8 3 38663
3 5 91062
5 7 24975
2 4 56604
3 6 92809
7 8 66252
7 1 24505
3 1 58969
5 6 77135
5 2 12106
7 6 62850
8 4 16706
5 9 9902
4 3 17920
9 2 95306
3 2 32586
9 3 67998
9 1 78377
4 5 51646
9 8 5382
1 5 76206
6 9 59898
2 7 63794
6 4 24470
150 841 32 76 894 163 661 846 149
4 3
1 2 37056
2 4 80457
4 3 5267
675 472 111 629
10 13
1 5 12783
5 8 11997
8 2 57976
2 7 94008
7 9 91548
9 4 99165
4 3 83562
3 6 98553
6 10 66128
2 1 67950
8 4 29628
10 3 76654
9 8 73069
18 388 78 104 646 148 845 292 615 697
5 8
1 3 25294
3 2 52673
2 4 43991
4 5 37348
3 4 80095
4 1 20518
5 2 21011
1 5 94911
476 444 231 552 711
10 9
10 8 91597
8 3 51513
3 9 45382
9 4 60907
4 2 64115
2 5 49456
5 7 87242
7 6 15511
6 1 47776
800 327 820 161 250 133 404 380 595 31
6 11
5 2 81073
2 3 89821
3 1 24233
1 6 36390
6 4 78376
2 4 83676
5 4 73454
1 4 80959
3 5 37146
1 5 85642
3 6 12961
605 239 849 682 947 713
8 12
2 1 19531
1 8 26295
8 3 11990
3 7 17503
7 4 48285
4 5 75135
5 6 61924
6 7 94706
3 6 56135
3 1 46043
7 1 12653
5 3 47641
208 345 308 361 435 544 760 185
4 5
3 4 26677
4 1 83026
1 2 40884
3 1 30667
4 2 28222
820 954 29 480
10 28
6 8 79124
8 5 27118
5 3 10022
3 10 63424
10 9 72989
9 7 46584
7 1 75863
1 2 95884
2 4 39592
3 8 67142
8 4 27062
3 2 48896
1 9 22689
9 5 6383
1 5 94927
5 4 87568
6 7 42349
10 6 74558
8 9 44531
2 9 52119
2 5 46958
2 7 4237
4 3 50580
6 4 69645
1 6 52253
1 8 40339
10 7 33424
2 8 55792
586 577 444 292 339 969 134 993 723 893
2 1
1 2 83848
283 123
8 19
3 7 14779
7 5 38218
5 1 45511
1 4 94780
4 2 13476
2 6 22220
6 8 73553
2 7 98598
6 1 42421
8 4 27662
2 1 6753
8 2 56253
1 3 12059
3 5 65999
6 7 64734
8 7 90563
7 4 5446
2 3 77764
2 5 85798
14 751 229 861 181 94 296 939
2 1
2 1 67255
416 860
7 20
5 1 58482
1 6 59097
6 7 92270
7 3 43870
3 4 85574
4 2 45433
6 5 12313
5 2 11269
6 4 81394
4 7 5390
3 1 14019
5 7 53431
1 2 13724
3 2 20819
3 6 78777
7 1 22810
3 5 5977
5 4 45396
1 4 99109
2 7 67282
379 927 10 999 559 722 808
8 7
3 1 83241
1 8 10706
8 6 81557
6 7 20825
7 5 79605
5 2 50663
2 4 18777
192 425 984 892 936 542 291 905
2 1
1 2 62
725 820
3 2
3 2 73185
2 1 10460
716 640 326
2 1
1 2 32700
736 501
2 1
2 1 59174
844 516
9 35
4 7 25737
7 5 14267
5 9 51826
9 2 68753
2 8 58916
8 3 76146
3 6 21320
6 1 99694
2 1 52763
4 6 96457
1 9 32424
3 2 88650
6 2 76034
7 8 65244
3 5 11615
4 5 39120
5 6 5819
4 1 43539
6 9 12845
6 8 1192
8 4 28007
5 2 94936
2 7 54909
6 7 34533
9 8 95275
1 8 16849
7 1 32046
3 1 88912
4 9 14718
5 8 49705
7 3 51271
5 1 95368
9 7 43207
4 3 51442
2 4 93051
769 615 66 666 873 386 286 219 511
2 1
1 2 78788
303 327
6 5
1 3 94174
3 4 34677
4 5 63765
5 2 37443
2 6 79796
767 160 105 149 872 501
4 6
2 3 18215
3 1 78981
1 4 23022
3 4 59441
4 2 17224
1 2 73943
909 561 559 662
6 10
6 1 6296
1 3 6128
3 4 86673
4 2 28628
2 5 72652
2 3 58705
5 4 74402
6 3 72361
1 4 35218
6 5 9855
864 584 24 961 767 427
4 6
1 3 70044
3 4 35051
4 2 74783
4 1 27165
2 3 66926
2 1 77256
817 241 746 948
7 21
1 3 50693
3 6 72379
6 5 41225
5 4 97558
4 2 7734
2 7 83143
3 7 91155
1 4 33090
3 2 4981
6 2 26473
3 5 35160
4 7 93385
3 4 27466
6 7 15698
5 2 83519
6 1 17774
2 1 71731
7 5 21471
1 5 5185
1 7 59470
4 6 48482
750 6 840 196 837 809 731
6 10
4 2 12011
2 6 83509
6 5 5382
5 1 73051
1 3 82325
1 6 81148
3 2 97362
3 4 72257
6 3 83601
6 4 53284
627 482 1000 500 815 225
4 5
2 4 90367
4 1 90716
1 3 75443
4 3 7383
1 2 1962
224 955 950 595
6 8
6 4 1881
4 1 38543
1 2 94232
2 5 71616
5 3 6648
5 4 39381
3 6 14113
6 1 86315
896 730 675 509 381 445
4 6
4 2 95062
2 1 15136
1 3 62167
4 1 14643
4 3 40315
3 2 82552
249 254 767 826
10 20
3 6 63026
6 4 84507
4 10 55379
10 7 26503
7 2 52159
2 5 96135
5 9 80641
9 1 56290
1 8 31254
2 1 77247
6 2 51703
1 3 89267
8 5 64988
7 5 73242
10 3 3561
9 10 686
10 2 49572
6 10 98575
4 5 57679
3 2 21512
859 605 308 751 826 927 680 46 314 781
8 17
6 4 79859
4 8 74363
8 1 51221
1 5 97354
5 2 65301
2 3 33430
3 7 84337
8 3 23527
5 8 13524
6 8 25250
3 1 46604
7 4 19402
8 7 46928
5 7 94953
1 2 77694
6 2 62971
4 2 63438
588 488 233 178 522 214 397 137
3 2
2 3 60440
3 1 14138
830 46 971
9 32
9 7 13486
7 4 41924
4 3 64406
3 1 17080
1 6 96382
6 8 69626
8 2 87865
2 5 50594
5 9 49631
3 9 14126
8 3 87776
7 2 16591
4 5 6249
6 2 71734
6 4 4868
3 7 75917
5 6 1788
3 5 48757
8 7 19094
9 8 27301
2 1 70178
1 5 73269
4 1 98004
7 1 20757
2 4 47257
3 2 831
4 8 53141
3 6 21081
4 9 40757
1 8 23783
7 6 34707
5 7 28903
741 627 497 609 862 836 448 563 896
2 1
2 1 9907
351 455
4 5
4 2 11799
2 1 31725
1 3 57346
4 1 86815
2 3 24683
169 463 920 349
6 12
2 1 62619
1 4 60208
4 3 25634
3 5 84474
5 6 83554
6 2 88354
4 5 78050
4 2 19628
5 2 64215
1 3 54715
1 6 22493
3 6 99845
391 983 848 238 98 221
8 16
8 2 92569
2 5 79964
5 4 12494
4 3 46051
3 6 20194
6 7 33165
7 1 25530
4 7 87932
5 6 24137
4 2 81119
3 1 79025
7 8 52721
6 2 37245
7 3 34631
1 6 47539
8 4 14963
582 687 976 663 597 98 115 261
4 3
2 1 52072
1 3 93600
3 4 54109
567 766 602 120
10 40
9 10 13741
10 1 93674
1 7 85042
7 5 32740
5 6 20326
6 4 17784
4 2 47364
2 3 38378
3 8 94420
4 9 92050
5 1 37939
8 9 62750
10 6 49362
5 9 18461
10 7 46813
1 9 93346
4 3 40882
3 6 95149
8 2 90910
2 1 16316
10 8 71922
8 5 70027
5 3 97878
1 3 1342
2 10 40891
6 9 88337
8 4 14098
8 6 95745
7 3 54220
4 7 8480
5 2 15290
7 2 85608
10 4 55837
3 10 5640
10 5 31986
3 9 10045
7 8 54108
7 9 7385
2 6 98462
4 1 26341
364 315 959 142 812 162 399 55 848 831
9 34
4 6 11207
6 5 17014
5 8 65439
8 2 57118
2 1 65104
1 9 25550
9 3 56418
3 7 82047
1 6 90799
1 3 33859
1 8 7412
2 3 68278
2 6 17048
3 5 35379
4 7 79260
4 1 63813
8 4 17617
5 2 13074
8 3 34388
4 2 86265
7 2 87537
5 7 36778
9 7 29390
5 9 52858
4 3 61729
7 8 38238
5 4 34926
9 4 65117
1 7 79989
9 6 83036
5 1 22635
2 9 93601
7 6 66730
8 6 93696
423 108 930 924 612 43 10 377 365
9 26
1 2 37550
2 8 78062
8 9 28887
9 4 96986
4 5 45949
5 3 26017
3 6 73423
6 7 50268
3 1 71415
9 1 39148
8 4 61321
6 4 82476
6 2 55305
1 6 9406
7 9 3105
3 9 76041
4 7 50375
8 3 60252
8 6 98623
6 9 91009
1 4 48309
5 1 1179
4 3 48776
8 5 16021
7 5 21981
8 1 20784
378 413 712 546 392 204 12 967 870
6 5
5 6 75240
6 3 62603
3 1 18318
1 2 76001
2 4 41475
415 686 285 672 880 920
6 15
1 4 84017
4 2 39134
2 3 4215
3 6 56313
6 5 73922
4 3 13288
4 6 19633
1 6 57544
5 4 29323
6 2 61705
5 1 659
3 1 45560
5 3 24235
2 1 33804
5 2 27348
70 352 140 796 758 151
2 1
1 2 71791
396 536
9 27
2 8 61562
8 1 86264
1 3 23158
3 4 88096
4 5 43049
5 6 86263
6 7 85616
7 9 63103
4 8 53046
4 6 57228
4 7 46634
8 7 36711
1 7 83163
4 2 84380
6 3 43174
8 3 45444
2 9 20861
8 6 12677
5 3 87083
2 6 8634
3 9 18706
4 9 37092
6 9 20461
5 9 93203
1 9 28464
4 1 49670
2 5 72983
714 626 614 127 775 254 93 16 954
10 12
2 3 55397
3 1 67543
1 8 13828
8 4 7452
4 10 39713
10 5 25339
5 6 16052
6 7 96228
7 9 21528
1 5 28240
6 9 10748
6 2 3978
671 543 910 274 116 125 805 650 816 408
6 9
4 3 41980
3 1 59114
1 2 1860
2 5 29167
5 6 39396
3 5 80430
1 5 81852
4 2 4960
1 4 19217
84 760 855 229 266 894
3 3
3 1 55010
1 2 32774
2 3 17459
116 766 922
8 8
3 5 99253
5 1 31797
1 4 72831
4 2 40924
2 8 17914
8 7 26207
7 6 37260
6 8 88484
935 356 393 520 199 407 317 909
9 8
8 3 30179
3 5 74307
5 4 45837
4 6 60770
6 2 82903
2 9 18992
9 1 20620
1 7 78735
563 318 862 402 631 652 350 287 276
3 3
1 2 32511
2 3 31772
1 3 8679
115 833 558
4 6
2 1 42162
1 4 96782
4 3 76314
3 1 96811
4 2 91884
2 3 97294
869 724 272 517
3 2
2 1 45313
1 3 81539
835 809 67
3 3
2 1 18227
1 3 45610
3 2 78602
143 292 55
3 2
3 1 24802
1 2 47878
59 515 611
8 19
5 1 59704
1 4 92257
4 3 39954
3 2 69489
2 7 98787
7 8 11668
8 6 43223
4 5 85369
8 1 24307
2 1 55543
6 3 8043
8 4 46445
8 5 75952
4 7 13765
7 6 39446
5 7 6252
6 5 50920
2 6 74879
1 3 98132
672 134 716 557 647 946 576 503
8 14
7 2 82148
2 6 30935
6 5 52278
5 4 81934
4 3 90716
3 8 5738
8 1 48472
3 6 4702
5 2 21764
7 3 53162
3 5 3731
3 1 18827
2 3 42859
5 8 95871
318 125 594 391 403 214 280 427
2 1
2 1 28379
34 778
4 6
3 1 25923
1 4 72726
4 2 32063
2 3 88315
1 2 98757
3 4 68421
930 216 332 554
6 5
2 4 46415
4 1 22966
1 5 56575
5 3 65323
3 6 49895
248 123 481 193 258 529
9 25
3 1 62150
1 6 99549
6 4 89210
4 7 29684
7 8 43372
8 9 54268
9 5 74609
5 2 23576
9 4 76375
2 3 69919
3 5 71670
6 2 84148
2 1 80423
1 8 10859
7 6 82607
1 4 51257
3 6 33653
6 8 66886
8 3 3033
1 9 32638
3 9 45933
5 6 66102
9 6 45507
9 2 30202
7 2 5534
941 235 390 300 955 459 929 710 594
5 8
1 5 6916
5 3 25926
3 4 24954
4 2 51207
2 5 73671
2 1 79579
4 5 16862
1 3 14255
150 745 433 857 326
3 3
3 2 91573
2 1 21649
1 3 2030
627 769 648
4 5
3 1 43180
1 2 9574
2 4 77622
2 3 63339
4 3 69675
329 943 291 273
9 14
5 7 41461
7 3 31791
3 9 23247
9 8 79614
8 4 19187
4 2 24036
2 1 9023
1 6 13325
3 2 87994
4 3 3786
6 5 2269
9 2 20129
9 5 99748
8 7 20417
379 533 883 427 350 819 368 583 113
7 10
3 5 53014
5 2 25291
2 1 5380
1 4 71675
4 6 62447
6 7 90148
7 1 59083
7 5 41276
6 3 78272
1 6 52731
767 890 303 861 999 870 568
2 1
1 2 89831
194 728
7 20
7 6 8299
6 1 52562
1 4 21525
4 2 70136
2 3 59432
3 5 50655
7 5 91832
5 2 2286
2 6 94237
3 4 30619
1 7 31530
5 6 75246
7 3 46514
7 4 5085
2 7 39805
4 6 92026
5 4 98420
3 6 82769
1 2 98432
1 3 85096
727 245 896 100 897 264 948
4 4
4 2 80721
2 3 90432
3 1 44354
4 3 62653
67 762 835 362
6 7
1 6 78974
6 4 92870
4 3 34880
3 5 54925
5 2 59429
3 6 47756
4 1 74548
382 641 811 861 213 911
7 18
7 6 5267
6 4 44027
4 3 25710
3 1 87988
1 2 11896
2 5 5893
3 2 70225
7 1 16812
5 4 87524
7 5 35108
7 2 19383
3 6 92553
5 3 3356
2 4 66926
6 2 96242
1 6 97505
4 1 70757
5 6 50995
426 157 15 660 818 971 9
3 3
2 3 67515
3 1 18541
1 2 2421
353 408 221
8 28
8 2 86324
2 1 2299
1 4 92251
4 6 58697
6 3 69906
3 5 1717
5 7 30845
5 2 17034
8 1 50468
7 6 76833
2 4 9592
4 8 21230
2 6 20327
2 3 70033
4 7 55459
6 8 84938
6 1 26340
7 2 65937
5 4 8667
5 8 1838
1 5 55295
4 3 29611
3 7 52394
8 7 44545
5 6 64323
1 7 51948
1 3 74006
3 8 83076
86 642 931 33 809 310 68 318
9 16
4 2 71805
2 6 76213
6 5 55083
5 9 63040
9 3 45066
3 1 40531
1 8 37526
8 7 40484
9 6 54095
8 9 19806
1 6 2436
8 2 86004
7 4 58068
5 3 77769
6 8 78629
1 9 85792
840 68 701 891 911 807 441 334 627
10 39
3 10 35312
10 4 69378
4 9 97482
9 8 58218
8 2 29736
2 6 24987
6 5 38248
5 1 31964
1 7 95455
1 6 90959
9 5 1676
2 1 97760
9 10 36007
3 7 73875
6 9 15992
3 8 76117
5 7 23117
2 5 23584
1 8 10637
3 9 74932
9 1 77619
4 6 41800
3 2 30793
3 4 1440
5 3 24674
7 4 9561
7 2 72981
1 3 99017
8 6 53791
1 10 17458
5 4 98058
4 2 25414
5 8 15345
10 5 34911
8 10 55709
10 6 31589
9 7 15061
6 3 81475
10 2 25542
967 778 324 823 845 33 537 580 946 546
7 19
5 7 12804
7 1 6341
1 3 52039
3 6 1452
6 4 81558
4 2 766
2 3 39796
2 5 32080
3 5 97579
6 1 59126
4 1 90400
4 7 89205
1 5 21766
3 4 15124
6 7 85177
7 3 75690
2 1 81337
6 2 76840
6 5 67070
501 594 245 897 720 564 174
7 12
3 1 63143
1 5 97329
5 6 79824
6 2 53500
2 7 20291
7 4 46998
6 7 44741
1 4 41329
3 5 66429
1 2 20221
5 4 6885
6 1 1261
261 752 642 344 368 907 365
9 9
6 1 26122
1 4 11811
4 5 93077
5 7 63994
7 3 72686
3 8 33926
8 9 31120
9 2 72756
4 8 15576
258 55 899 504 345 595 513 543 604
2 1
2 1 16580
244 858
2 1
2 1 51379
623 643
4 6
4 1 70181
1 2 17677
2 3 88241
3 1 91714
4 2 49470
3 4 87206
232 692 621 406
10 25
8 9 60040
9 6 24559
6 10 40378
10 1 16441
1 5 30856
5 7 31756
7 2 94998
2 3 84074
3 4 68626
9 7 34008
6 8 83386
4 10 16854
6 4 36313
7 1 46279
6 1 55474
10 7 47743
3 9 97485
2 5 57047
2 8 45786
4 7 12806
9 2 96310
3 6 52922
5 6 54032
1 3 43616
7 6 71572
111 620 303 813 236 758 304 937 979 982
8 27
5 1 35653
1 3 20948
3 6 16133
6 2 84489
2 4 91596
4 7 4019
7 8 26017
7 1 30574
4 6 42517
7 3 41453
4 8 81644
3 2 37678
2 1 41232
1 8 83724
6 1 90146
5 4 46092
5 2 52609
8 5 89688
8 3 60667
7 6 17922
8 2 45208
5 3 72203
5 6 32971
4 3 77855
2 7 38556
5 7 29145
8 6 11354
881 974 196 172 931 536 550 230
5 9
3 4 34684
4 5 65138
5 2 54639
2 1 61547
1 3 8572
3 5 8112
2 4 25073
3 2 86133
1 4 56771
483 383 850 766 627
9 23
4 6 44601
6 1 60219
1 7 77981
7 8 57581
8 3 83992
3 9 54220
9 2 7187
2 5 15851
6 7 9706
3 6 26860
9 1 82626
5 4 95383
8 2 50357
6 9 60933
4 8 75854
3 1 9666
6 5 80036
2 1 59555
5 9 62737
5 1 95069
4 7 21439
3 4 18205
9 8 61227
638 92 289 493 828 312 610 610 27
6 11
4 2 77122
2 1 88043
1 5 3315
5 3 52102
3 6 11039
3 1 83460
4 5 58553
4 3 68819
5 6 88554
6 2 33931
2 3 79080
884 918 123 561 708 530
